-2377365.50	10507334.65
-2389527.26	10498943.39
-2425630.96	10474032.89
-2484587.08	10433354.88
-2564745.97	10378047.57
-2664094.62	10309499.88
-2780454.19	10229215.16
-2911643.31	10138698.48
-3055592.53	10039377.70
-3210411.02	9932557.43
-3374415.53	9819399.08
-3546133.47	9700918.69
-3724290.77	9577995.32
-3907792.00	9451384.80
-4095697.92	9321735.17
-4287203.29	9189602.03
-4481616.49	9055462.57
-4678341.53	8919728.00
-4876862.69	8782754.17
-5076731.40	8644850.56
-5277555.45	8506287.80
-5478989.87	8367303.89
-5680729.48	8228109.42
-5882502.68	8088891.77
-6084066.32	7949818.71
-6285201.46	7811041.31
-6485709.82	7672696.36
-6685410.87	7534908.43
-6884139.40	7397791.51
-7081743.39	7261450.50
-7278082.35	7125982.32
-7473025.84	6991476.97
-7666452.22	6858018.38
-7858247.63	6725685.12
-8048305.05	6594551.02
-8236523.56	6464685.71
-8422807.68	6336155.08
-8607066.76	6209021.66
-8789214.52	6083344.99
-8969168.63	5959181.88
-9146850.26	5836586.72
-9322183.84	5715611.64
-9495096.69	5596306.79
-9665518.84	5478720.46
-9833382.73	5362899.25

-10161176.65	5136730.96
-10320982.14	5026469.81
-10477980.03	4918145.82
-10632112.46	4811798.92
-10783323.10	4707467.97
-10931557.11	4605190.81
-11076761.02	4505004.32
-11218882.68	4406944.51
-11357871.17	4311046.48
-11493676.80	4217344.54
-11626251.01	4125872.19
-11755546.39	4036662.13
-11881516.61	3949746.33
-12004116.44	3865156.01
-12123301.70	3782921.64
-12239029.26	3703072.98
-12351257.08	3625639.05
-12459944.15	3550648.13
-12565050.54	3478127.77
-12666537.39	3408104.79
-12764366.95	3340605.23
-12858502.59	3275654.37
-12948908.81	3213276.71
-13035551.26	3153495.93
-13118396.82	3096334.90
-13197413.57	3041815.64
-13272570.85	2989959.29
-13343839.30	2940786.14
-13411190.86	2894315.51
-13474598.87	2850565.83
-13534038.03	2809554.54
-13589484.48	2771298.09
-13640915.84	2735811.95
-13688311.22	2703110.51
-13731651.27	2673207.14
-13770918.19	2646114.10
-13806095.79	2621842.58
-13837169.51	2600402.62
-13864126.42	2581803.13
-13886955.27	2566051.89
-13905646.51	2553155.47
-13920192.30	2543119.30
-13930586.53	2535947.58
-13936824.83	2531643.34

-2198414.57	10274290.56
-2209660.87	10264707.13
-2243046.95	10236257.52
-2297565.28	10189800.26
-2371690.38	10126635.29
-2463560.79	10048348.83
-2571161.64	9956657.82
-2692475.79	9853281.17
-2825589.55	9739849.59
-2968754.43	9617853.06
-3120413.86	9488617.97
-3279206.11	9353304.72
-3443953.01	9212917.28
-3613641.59	9068318.83
-3787403.31	8920249.50
-3964493.54	8769343.81
-4144272.71	8616146.76
-4326189.71	8461127.99
-4509767.62	8304693.88
-4694591.66	8147197.91
-4880299.12	7988949.13
-5066571.01	7830219.37
-5253125.12	7671249.13
-5439710.29	7512252.42
-5626101.67	7353420.85
-5812096.80	7194926.93
-5997512.34	7036926.92
-6182181.34	6879563.05
-6365951.01	6722965.54
-6548680.80	6567254.16
-6730240.78	6412539.61
-6910510.33	6258924.70
-7089376.97	6106505.25
-7266735.40	5955371.02
-7442486.67	5805606.31
-7616537.45	5657290.66
-7788799.44	5510499.31
-7959188.82	5365303.68
-8127625.82	5221771.75
-8294034.27	5079968.43
-8458341.31	4939955.81
-8620477.04	4801793.45
-8780374.26	4665538.61
-8937968.26	4531246.44
-9093196.57	4398970.17
-9245998.81	4268761.25
-9396316.52	4140669.50
-9544093.01	4014743.22
-9689273.24	3891029.33
-9831803.68	3769573.42
-9971632.28	3650419.86
-10108708.30	3533611.88
-10242982.31	3419191.61
-10374406.07	3307200.15
-10502932.51	3197677.61
-10628515.67	3090663.16
-10751110.65	2986195.06
-10870673.61	2884310.67
-10987161.70	2785046.49
-11100533.10	2688438.18
-11210746.95	2594520.53
-11317763.38	2503327.54
-11421543.49	2414892.34
-11522049.38	2329247.24
-11619244.11	2246423.70
-11713091.77	2166452.35
-11803557.43	2089362.93
-11890607.22	2015184.32
-11974208.30	1943944.48
-12054328.94	1875670.47
-12130938.49	1810388.40
-12204007.42	1748123.43
-12273507.41	1688899.70
-12339411.28	1632740.37
-12401693.10	1579667.53
-12460328.21	1529702.20
-12515293.21	1482864.32
-12566566.06	1439172.67
-12614126.04	1398644.90
-12657953.84	1361297.47
-12698031.56	1327145.64
-12734342.75	1296203.42
-12766872.43	1268483.57
-12795607.14	1243997.57
-12820534.93	1222755.60
-12841645.39	1204766.53
-12858929.69	1190037.88
-12872380.58	1178575.84
-12881992.41	1170385.22
-12887761.13	1165469.46

-1996713.16	10060633.06
-2006927.63	10049956.64
-2037250.58	10018262.33
-2086766.93	9966506.60
-2154091.16	9896137.62
-2237532.59	9808922.54
-2335261.22	9706774.13
-2445444.96	9591607.30
-2566345.73	9465238.79
-2696375.43	9329328.48
-2834120.32	9185354.05
-2978343.61	9034608.25
-3127975.22	8878209.53
-3282095.12	8717119.54
-3439914.44	8552162.82
-3600756.89	8384046.25
-3764041.58	8213376.99
-3929267.96	8040678.23
-4096002.86	7866402.73
-4263869.55	7690944.24
-4432538.62	7514647.09
-4601720.33	7337814.12
-4771158.36	7160713.23
-4940624.61	6983582.85
-5109914.85	6806636.44
-5278845.19	6630066.20
-5447249.11	6454046.19
-5614974.99	6278734.88
-5781884.06	6104277.33
-5947848.65	5930806.97
-6112750.76	5758447.15
-6276480.83	5587312.36
-6438936.71	5417509.39
-6600022.76	5249138.21
-6759649.10	5082292.75
-6917730.97	4917061.61
-7074188.16	4753528.61
-7228944.57	4591773.33
-7381927.71	4431871.51
-7533068.43	4273895.44
-7682300.53	4117914.29
-7829560.53	3963994.44
-7974787.41	3812199.65
-8117922.38	3662591.39
-8258908.72	3515228.93
-8397691.57	3370169.60
-8534217.85	3227468.91
-8668436.05	3087180.67
-8800296.20	2949357.13
-8929749.68	2814049.10
-9056749.20	2681306.01
-9181248.69	2551176.01
-9303203.25	2423706.04
-9422569.07	2298941.89
-9539303.39	2176928.24
-9653364.47	2057708.73
-9764711.54	1941325.98
-9873304.76	1827821.62
-9979105.24	1717236.30
-10082074.97	1609609.75
-10182176.86	1504980.74
-10279374.68	1403387.14
-10373633.12	1304865.85
-10464917.74	1209452.87
-10553194.99	1117183.27
-10638432.26	1028091.14
-10720597.82	942209.62
-10799660.92	859570.89
-10875591.72	780206.11
-10948361.40	704145.40
-11017942.13	631417.88
-11084307.10	562051.55
-11147430.56	496073.33
-11207287.84	433508.99
-11263855.40	374383.16
-11317110.82	318719.26
-11367032.86	266539.48
-11413601.49	217864.77
-11456797.91	172714.79
-11496604.57	131107.87
-11533005.22	93061.00
-11565984.91	58589.80
-11595530.04	27708.48
-11621628.39	429.84
-11644269.08	-23234.78
-11663442.69	-43275.52
-11679141.18	-59683.98
-11691357.97	-72453.27
-11700087.93	-81578.04
-11705327.37	-87054.44

-1774348.60	9868573.21
-1783425.53	9856914.27
-1810371.56	9822303.26
-1854373.50	9765784.65
-1914200.15	9688939.89
-1988349.10	9593698.75
-2075194.15	9482150.01
-2173107.25	9356384.83
-2280543.86	9218387.12
-2396092.77	9069969.50
-2518497.66	8912745.67
-2646659.48	8748127.32
-2779627.32	8577335.84
-2916583.61	8401421.37
-3056827.34	8221284.31
-3199757.52	8037696.63
-3344857.96	7851321.34
-3491683.85	7662729.79
-3639850.27	7472416.38
-3789022.44	7280811.13
-3938907.62	7088290.05
-4089248.36	6895183.82
-4239816.88	6701785.03
-4390410.46	6508354.03
-4540847.64	6315123.93
-4690965.01	6122304.62
-4840614.58	5930086.17
-4989661.62	5738641.64
-5137982.81	5548129.44
-5285464.70	5358695.28
-5432002.44	5170473.85
-5577498.66	4983590.19
-5721862.59	4798160.92
-5865009.25	4614295.19
-6006858.75	4432095.59
-6147335.78	4251658.87
-6286369.08	4073076.57
-6423890.98	3896435.58
-6559837.11	3721818.61
-6694146.00	3549304.62
-6826758.82	3378969.13
-6957619.17	3210884.63
-7086672.82	3045120.76
-7213867.52	2881744.63
-7339152.87	2720820.98
-7462480.13	2562412.41
-7583802.11	2406579.52
-7703073.07	2253381.10
-7820248.57	2102874.20
-7935285.42	1955114.30
-8048141.60	1810155.38
-8158776.17	1668050.02
-8267149.23	1528849.49
-8373221.84	1392603.77
-8476956.01	1259361.68
-8578314.64	1129170.87
-8677261.51	1002077.87
-8773761.21	878128.13
-8867779.19	757366.08
-8959281.67	639835.08
-9048235.67	525577.47
-9134609.03	414634.60
-9218370.35	307046.78
-9299489.03	202853.32
-9377935.26	102092.50
-9453680.06	4801.57
-9526695.23	-88983.29
-9596953.44	-179226.94
-9664428.18	-265895.36
-9729093.85	-348955.63
-9790925.70	-428375.99
-9849899.91	-504125.83
-9905993.61	-576175.78
-9959184.86	-644497.66
-10009452.76	-709064.62
-10056777.37	-769851.05
-10101139.83	-826832.73
-10142522.34	-879986.78
-10180908.17	-929291.74
-10216281.75	-974727.58
-10248628.63	-1016275.76
-10277935.53	-1053919.21
-10304190.36	-1087642.41
-10327382.25	-1117431.40
-10347501.56	-1143273.79
-10364539.89	-1165158.80
-10378490.12	-1183077.26
-10389346.38	-1197021.67
-10397104.12	-1206986.15
-10401760.08	-1212966.53

-1533622.05	9700098.54
-1541467.51	9687577.75
-1564757.76	9650408.21
-1602789.94	9589711.61
-1654499.89	9507186.30
-1718589.02	9404904.71
-1793651.77	9285110.02
-1878280.96	9150047.98
-1971141.61	9001849.14
-2071013.95	8842460.14
-2176812.12	8673613.95
-2287586.18	8496826.61
-2402514.22	8313409.81
-2520889.59	8124491.32
-2642106.40	7931038.10
-2765645.19	7733879.18
-2891059.80	7533726.58
-3017965.77	7331193.88
-3146030.39	7126812.06
-3274964.32	6921042.89
-3404514.52	6714290.18
-3534458.47	6506909.08
-3664599.30	6299213.78
-3794761.80	6091483.90
-3924789.11	5883969.77
-4054539.99	5676896.79
-4183886.55	5470469.09
-4312712.32	5264872.53
-4440910.72	5060277.21
-4568383.68	4856839.62
-4695040.59	4654704.41
-4820797.29	4454005.86
-4945575.31	4254869.21
-5069301.20	4057411.69
-5191905.93	3861743.46
-5313324.39	3667968.42
-5433494.98	3476184.89
-5552359.24	3286486.18
-5669861.50	3098961.10
-5785948.65	2913694.46
-5900569.84	2730767.37
-6013676.32	2550257.66
-6125221.21	2372240.13
-6235159.36	2196786.84
-6343447.19	2023967.32
-6450042.60	1853848.81
-6554904.78	1686496.38
-6657994.20	1521973.17
-6759272.46	1360340.44
-6858702.22	1201657.77
-6956247.15	1045983.14
-7051871.89	893373.01
-7145541.93	743882.44
-7237223.63	597565.11
-7326884.14	454473.45
-7414491.41	314658.62
-7500014.12	178170.59
-7583421.68	45058.20
-7664684.20	-84630.87
-7743772.50	-210850.05
-7820658.08	-333553.85
-7895313.13	-452697.89
-7967710.52	-568238.86
-8037823.80	-680134.55
-8105627.20	-788343.85
-8171095.67	-892826.76
-8234204.84	-993544.42
-8294931.09	-1090459.10
-8353251.52	-1183534.25
-8409143.97	-1272734.54
-8462587.07	-1358025.84
-8513560.22	-1439375.29
-8562043.67	-1516751.34
-8608018.45	-1590123.75
-8651466.48	-1659463.64
-8692370.54	-1724743.56
-8730714.33	-1785937.46
-8766482.45	-1843020.78
-8799660.47	-1895970.48
-8830234.90	-1944765.06
-8858193.27	-1989384.57
-8883524.09	-2029810.72
-8906216.91	-2066026.82
-8926262.35	-2098017.88
-8943652.07	-2125770.60
-8958378.80	-2149273.40
-8970436.39	-2168516.44
-8979819.78	-2183491.65
-8986525.03	-2194192.74
-8990549.31	-2200615.19

-1277024.68	9556952.55
-1283557.48	9543699.47
-1302950.93	9504356.06
-1334619.78	9440109.58
-1377677.89	9352757.74
-1431043.97	9244494.17
-1493547.63	9117693.23
-1564017.12	8974732.03
-1641340.83	8817865.71
-1724503.07	8649154.78
-1812599.66	8470433.54
-1904839.60	8283306.72
-2000538.50	8089162.71
-2099107.95	7889195.24
-2200043.42	7684427.82
-2302912.36	7475737.97
-2407343.27	7263879.36
-2513016.02	7049501.45
-2619653.56	6833166.27
-2727014.96	6615362.60
-2834889.52	6396517.87
-2943091.95	6177007.99
-3051458.32	5957165.54
-3159842.73	5737286.48
-3268114.57	5517635.80
-3376156.24	5298452.07
-3483861.22	5079951.35
-3591132.56	4862330.38
-3697881.49	4645769.21
-3804026.37	4430433.49
-3909491.73	4216476.31
-4014207.49	4004039.82
-4118108.33	3793256.58
-4221133.07	3584250.66
-4323224.24	3377138.69
-4424327.62	3172030.63
-4524391.92	2969030.56
-4623368.45	2768237.23
-4721210.87	2569744.67
-4817874.94	2373642.62
-4913318.33	2180016.96
-5007500.44	1988950.06
-5100382.24	1800521.10
-5191926.13	1614806.35
-5282095.83	1431879.41
-5370856.27	1251811.44
-5458173.48	1074671.33
-5544014.53	900525.90
-5628347.46	729440.01
-5711141.16	561476.71
-5792365.41	396697.38
-5871990.73	235161.79
-5949988.41	76928.19
-6026330.42	-77946.56
-6100989.42	-229407.01
-6173938.71	-377398.97
-6245152.22	-521869.56
-6314604.48	-662767.09
-6382270.59	-800041.08
-6448126.26	-933642.25
-6512147.77	-1063522.43
-6574311.94	-1189634.66
-6634596.19	-1311933.10
-6692978.49	-1430373.05
-6749437.39	-1544911.02
-6803952.03	-1655504.67
-6856502.12	-1762112.84
-6907067.98	-1864695.62
-6955630.54	-1963214.31
-7002171.37	-2057631.52
-7046672.66	-2147911.12
-7089117.26	-2234018.33
-7129488.71	-2315919.75
-7167771.24	-2393583.38
-7203949.78	-2466978.64
-7238010.00	-2536076.48
-7269938.31	-2600849.33
-7299721.91	-2661271.20
-7327348.76	-2717317.69
-7352807.64	-2768966.03
-7376088.16	-2816195.14
-7397180.76	-2858985.63
-7416076.75	-2897319.85
-7432768.30	-2931181.92
-7447248.46	-2960557.77
-7459511.19	-2985435.14
-7469551.37	-3005803.62
-7477364.79	-3021654.66
-7482948.15	-3032981.60
-7486299.10	-3039779.68

-1007211.92	9440616.57
-1012364.46	9426768.36
-1027660.41	9385658.22
-1052638.19	9318526.74
-1086598.88	9227252.34
-1128689.66	9114127.15
-1177987.39	8981632.18
-1233567.93	8832251.26
-1294554.50	8668340.81
-1360146.03	8492053.87
-1429629.37	8305307.10
-1502380.64	8109777.28
-1577860.05	7906915.17
-1655603.51	7697968.10
-1735213.10	7484005.55
-1816347.65	7265944.41
-1898714.16	7044572.22
-1982060.12	6820567.61
-2066167.03	6594517.82
-2150844.86	6366933.61
-2235927.43	6138261.59
-2321268.60	5908894.56
-2406739.07	5679180.01
-2492223.77	5449427.22
-2577619.68	5219913.05
-2662834.05	4990886.80
-2747782.87	4762574.25
-2832389.67	4535180.94
-2916584.44	4308895.03
-3000302.78	4083889.58
-3083485.17	3860324.59
-3166076.34	3638348.58
-3248024.77	3418100.04
-3329282.20	3199708.65
-3409803.31	2983296.25
-3489545.33	2768977.76
-3568467.81	2556861.90
-3646532.35	2347051.89
-3723702.39	2139645.96
-3799943.05	1934737.89
-3875220.94	1732417.41
-3949504.04	1532770.59
-4022761.55	1335880.16
-4094963.83	1141825.83
-4166082.27	950684.50
-4236089.19	762530.52
-4304957.82	577435.88
-4372662.17	395470.40
-4439177.04	216701.84
-4504477.90	41196.11
-4568540.90	-130982.69
-4631342.80	-299772.10
-4692860.94	-465111.22
-4753073.23	-626940.68
-4811958.10	-785202.50
-4869494.50	-939840.09
-4925661.85	-1090798.17
-4980440.07	-1238022.75
-5033809.53	-1381461.07
-5085751.06	-1521061.64
-5136245.95	-1656774.14
-5185275.93	-1788549.47
-5232823.18	-1916339.75
-5278870.34	-2040098.30
-5323400.47	-2159779.63
-5366397.13	-2275339.51
-5407844.31	-2386734.96
-5447726.50	-2493924.25
-5486028.65	-2596866.96
-5522736.22	-2695524.00
-5557835.17	-2789857.63
-5591311.98	-2879831.51
-5623153.66	-2965410.74
-5653347.77	-3046561.88
-5681882.42	-3123252.98
-5708746.32	-3195453.68
-5733928.74	-3263135.18
-5757419.59	-3326270.31
-5779209.37	-3384833.58
-5799289.24	-3438801.21
-5817651.00	-3488151.16
-5834287.11	-3532863.16
-5849190.71	-3572918.79
-5862355.62	-3608301.45
-5873776.38	-3638996.43
-5883448.22	-3664990.93
-5891367.09	-3686274.06
-5897529.66	-3702836.90
-5901933.36	-3714672.48
-5904576.32	-3721775.83

-726975.94	9352294.53
-730694.89	9337994.50
-741735.06	9295543.06
-759763.29	9226221.29
-784275.12	9131968.88
-814655.00	9015152.77
-850236.66	8878334.90
-890353.05	8724080.15
-934371.37	8554821.81
-981713.40	8372783.16
-1031864.43	8179943.43
-1084374.16	7978034.08
-1138852.98	7768553.21
-1194965.92	7552788.84
-1252425.78	7331845.35
-1310986.32	7106669.56
-1370436.04	6878074.68
-1430592.70	6646761.49
-1491298.60	6413336.40
-1552416.56	6178326.82
-1613826.66	5942193.94
-1675423.41	5705343.37
-1737113.48	5468133.95
-1798813.82	5230885.04
-1860450.08	4993882.53
-1921955.31	4757383.87
-1983268.87	4521622.19
-2044335.57	4286809.74
-2105104.88	4053140.82
-2165530.31	3820794.15
-2225568.91	3589934.92
-2285180.79	3360716.52
-2344328.76	3133281.95
-2402977.98	2907765.13
-2461095.75	2684291.86
-2518651.19	2462980.82
-2575615.12	2243944.28
-2631959.81	2027288.82
-2687658.88	1813115.88
-2742687.14	1601522.29
-2797020.51	1392600.72
-2850635.86	1186440.04
-2903510.98	983125.69
-2955624.47	782739.97
-3006955.66	585362.29
-3057484.60	391069.43
-3107191.95	199935.73
-3156058.96	12033.27
-3204067.44	-172567.95
-3251199.68	-353799.89
-3297438.46	-531596.35
-3342767.03	-705892.83
-3387169.01	-876626.46
-3430628.47	-1043735.91
-3473129.84	-1207161.32
-3514657.92	-1366844.26
-3555197.87	-1522727.63
-3594735.17	-1674755.69
-3633255.68	-1822873.97
-3670745.55	-1967029.26
-3707191.28	-2107169.64
-3742579.68	-2243244.40
-3776897.88	-2375204.08
-3810133.36	-2503000.48
-3842273.90	-2626586.64
-3873307.63	-2745916.89
-3903222.98	-2860946.82
-3932008.77	-2971633.37
-3959654.14	-3077934.78
-3986148.59	-3179810.69
-4011481.98	-3277222.14
-4035644.55	-3370131.59
-4058626.94	-3458503.00
-4080420.16	-3542301.85
-4101015.63	-3621495.15
-4120405.20	-3696051.53
-4138581.14	-3765941.26
-4155536.14	-3831136.30
-4171263.36	-3891610.31
-4185756.42	-3947338.74
-4199009.40	-3998298.82
-4211016.86	-4044469.64
-4221773.83	-4085832.16
-4231275.88	-4122369.25
-4239519.05	-4154065.71
-4246499.90	-4180908.32
-4252215.50	-4202885.86
-4256663.47	-4219989.09
-4259841.93	-4232210.83
-4261749.54	-4239545.94

-439216.79	9292900.43
-441463.67	9278296.56
-448133.81	9234943.14
-459025.91	9164148.45
-473835.22	9067893.43
-492189.82	8948595.28
-513687.18	8808870.38
-537924.28	8651338.10
-564518.81	8478483.46
-593121.43	8292576.96
-623421.16	8095639.87
-655145.95	7889440.47
-688060.40	7675508.67
-721962.14	7455159.86
-756677.64	7229521.89
-792058.13	6999561.68
-827975.85	6766109.75
-864320.68	6529881.75
-900997.34	6291496.97
-937922.96	6051494.04
-975025.08	5810343.94
-1012239.96	5568460.91
-1049511.23	5326211.39
-1086788.70	5083921.55
-1124027.46	4841883.35
-1161187.05	4600359.70
-1198230.84	4359588.68
-1235125.49	4119787.07
-1271840.46	3881153.28
-1308347.67	3643869.83
-1344621.18	3408105.44
-1380636.86	3174016.73
-1416372.27	2941749.77
-1451806.35	2711441.29
-1486919.34	2483219.79
-1521692.59	2257206.46
-1556108.47	2033515.95
-1590150.22	1812257.11
-1623801.90	1593533.55
-1657048.31	1377444.14
-1689874.88	1164083.52
-1722267.65	953542.45
-1754213.19	745908.19
-1785698.58	541264.79
-1816711.33	339693.34
-1847239.38	141272.25
-1877271.05	-53922.55
-1906795.01	-245817.45
-1935800.28	-434340.97
-1964276.15	-619423.63
-1992212.22	-800997.81
-2019598.36	-978997.64
-2046424.69	-1153358.92
-2072681.58	-1324019.02
-2098359.62	-1490916.80
-2123449.62	-1653992.59
-2147942.62	-1813188.09
-2171829.86	-1968446.36
-2195102.78	-2119711.77
-2217753.03	-2266930.00
-2239772.43	-2410048.00
-2261153.02	-2549013.99
-2281887.04	-2683777.48
-2301966.91	-2814289.23
-2321385.25	-2940501.28
-2340134.88	-3062366.99
-2358208.83	-3179841.01
-2375600.33	-3292879.36
-2392302.83	-3401439.41
-2408309.97	-3505479.92
-2423615.63	-3604961.11
-2438213.93	-3699844.65
-2452099.19	-3790093.73
-2465265.99	-3875673.09
-2477709.15	-3956549.04
-2489423.74	-4032689.56
-2500405.08	-4104064.27
-2510648.78	-4170644.53
-2520150.69	-4232403.46
-2528906.96	-4289315.97
-2536914.01	-4341358.82
-2544168.55	-4388510.66
-2550667.59	-4430752.02
-2556408.44	-4468065.43
-2561388.71	-4500435.36
-2565606.32	-4527848.31
-2569059.52	-4550292.81
-2571746.85	-4567759.45
-2573667.17	-4580240.87
-2574819.69	-4587731.83

-146912.38	9263048.93
-147663.93	9248292.34
-149895.00	9204485.58
-153538.27	9132950.61
-158491.79	9035689.07
-164631.17	8915143.44
-171821.76	8773957.46
-179928.76	8614777.91
-188824.29	8440115.76
-198391.50	8252265.27
-208526.37	8053268.85
-219137.90	7844913.27
-230147.37	7628744.42
-241487.06	7406091.47
-253098.95	7178094.05
-264933.27	6945729.20
-276947.29	6709836.11
-289104.17	6471137.92
-301372.04	6230260.40
-313723.18	5987747.81
-326133.37	5744076.06
-338581.27	5499663.70
-351048.03	5254881.03
-363516.86	5010057.61
-375972.75	4765488.46
-388402.15	4521439.25
-400792.83	4278150.54
-413133.61	4035841.37
-425414.30	3794712.24
-437625.49	3554947.57
-449758.51	3316717.84
-461805.30	3080181.31
-473758.33	2845485.58
-485610.58	2612768.81
-497355.42	2382160.85
-508986.63	2153784.14
-520498.29	1927754.55
-531884.82	1704182.05
-543140.88	1483171.33
-554261.38	1264822.32
-565241.44	1049230.63
-576076.41	836487.99
-586761.78	626682.54
-597293.24	419899.22
-607666.60	216219.98
-617877.85	15724.04
-627923.05	-181511.87
-637798.44	-375413.38
-647500.33	-565908.25
-657025.14	-752926.29
-666369.40	-936399.15
-675529.71	-1116260.29
-684502.77	-1292444.83
-693285.37	-1464889.48
-701874.34	-1633532.48
-710266.62	-1798313.52
-718459.22	-1959173.69
-726449.19	-2116055.46
-734233.69	-2268902.62
-741809.90	-2417660.28
-749175.11	-2562274.84
-756326.64	-2702693.98
-763261.91	-2838866.66
-769978.37	-2970743.14
-776473.55	-3098274.97
-782745.06	-3221415.00
-788790.57	-3340117.43
-794607.80	-3454337.79
-800194.57	-3564033.03
-805548.75	-3669161.47
-810668.30	-3769682.91
-815551.24	-3865558.63
-820195.68	-3956751.43
-824599.81	-4043225.67
-828761.89	-4124947.33
-832680.27	-4201884.03
-836353.39	-4274005.09
-839779.77	-4341281.57
-842958.04	-4403686.30
-845886.90	-4461193.93
-848565.15	-4513780.99
-850991.70	-4561425.88
-853165.55	-4604108.96
-855085.79	-4641812.54
-856751.62	-4674520.96
-858162.36	-4702220.56
-859317.41	-4724899.76
-860216.29	-4742549.04
-860858.61	-4755160.97
-861244.12	-4762730.26

146912.38	9263048.93
147663.93	9248292.34
149895.00	9204485.58
153538.27	9132950.61
158491.79	9035689.07
164631.17	8915143.44
171821.76	8773957.46
179928.76	8614777.91
188824.29	8440115.76
198391.50	8252265.27
208526.37	8053268.85
219137.90	7844913.27
230147.37	7628744.42
241487.06	7406091.47
253098.95	7178094.05
264933.27	6945729.20
276947.29	6709836.11
289104.17	6471137.92
301372.04	6230260.40
313723.18	5987747.81
326133.37	5744076.06
338581.27	5499663.70
351048.03	5254881.03
363516.86	5010057.61
375972.75	4765488.46
388402.15	4521439.25
400792.83	4278150.54
413133.61	4035841.37
425414.30	3794712.24
437625.49	3554947.57
449758.51	3316717.84
461805.30	3080181.31
473758.33	2845485.58
485610.58	2612768.81
497355.42	2382160.85
508986.63	2153784.14
520498.29	1927754.55
531884.82	1704182.05
543140.88	1483171.33
554261.38	1264822.32
565241.44	1049230.63
576076.41	836487.99
586761.78	626682.54
597293.24	419899.22
607666.60	216219.98
617877.85	15724.04
627923.05	-181511.87
637798.44	-375413.38
647500.33	-565908.25
657025.14	-752926.29
666369.40	-936399.15
675529.71	-1116260.29
684502.77	-1292444.83
693285.37	-1464889.48
701874.34	-1633532.48
710266.62	-1798313.52
718459.22	-1959173.69
726449.19	-2116055.46
734233.69	-2268902.62
741809.90	-2417660.28
749175.11	-2562274.84
756326.64	-2702693.98
763261.91	-2838866.66
769978.37	-2970743.14
776473.55	-3098274.97
782745.06	-3221415.00
788790.57	-3340117.43
794607.80	-3454337.79
800194.57	-3564033.03
805548.75	-3669161.47
810668.30	-3769682.91
815551.24	-3865558.63
820195.68	-3956751.43
824599.81	-4043225.67
828761.89	-4124947.33
832680.27	-4201884.03
836353.39	-4274005.09
839779.77	-4341281.57
842958.04	-4403686.30
845886.90	-4461193.93
848565.15	-4513780.99
850991.70	-4561425.88
853165.55	-4604108.96
855085.79	-4641812.54
856751.62	-4674520.96
858162.36	-4702220.56
859317.41	-4724899.76
860216.29	-4742549.04
860858.61	-4755160.97
861244.12	-4762730.26

439216.79	9292900.43
441463.67	9278296.56
448133.81	9234943.14
459025.91	9164148.45
473835.22	9067893.43
492189.82	8948595.28
513687.18	8808870.38
537924.28	8651338.10
564518.81	8478483.46
593121.43	8292576.96
623421.16	8095639.87
655145.95	7889440.47
688060.40	7675508.67
721962.14	7455159.86
756677.64	7229521.89
792058.13	6999561.68
827975.85	6766109.75
864320.68	6529881.75
900997.34	6291496.97
937922.96	6051494.04
975025.08	5810343.94
1012239.96	5568460.91
1049511.23	5326211.39
1086788.70	5083921.55
1124027.46	4841883.35
1161187.05	4600359.70
1198230.84	4359588.68
1235125.49	4119787.07
1271840.46	3881153.28
1308347.67	3643869.83
1344621.18	3408105.44
1380636.86	3174016.73
1416372.27	2941749.77
1451806.35	2711441.29
1486919.34	2483219.79
1521692.59	2257206.46
1556108.47	2033515.95
1590150.22	1812257.11
1623801.90	1593533.55
1657048.31	1377444.14
1689874.88	1164083.52
1722267.65	953542.45
1754213.19	745908.19
1785698.58	541264.79
1816711.33	339693.34
1847239.38	141272.25
1877271.05	-53922.55
1906795.01	-245817.45
1935800.28	-434340.97
1964276.15	-619423.63
1992212.22	-800997.81
2019598.36	-978997.64
2046424.69	-1153358.92
2072681.58	-1324019.02
2098359.62	-1490916.80
2123449.62	-1653992.59
2147942.62	-1813188.09
2171829.86	-1968446.36
2195102.78	-2119711.77
2217753.03	-2266930.00
2239772.43	-2410048.00
2261153.02	-2549013.99
2281887.04	-2683777.48
2301966.91	-2814289.23
2321385.25	-2940501.28
2340134.88	-3062366.99
2358208.83	-3179841.01
2375600.33	-3292879.36
2392302.83	-3401439.41
2408309.97	-3505479.92
2423615.63	-3604961.11
2438213.93	-3699844.65
2452099.19	-3790093.73
2465265.99	-3875673.09
2477709.15	-3956549.04
2489423.74	-4032689.56
2500405.08	-4104064.27
2510648.78	-4170644.53
2520150.69	-4232403.46
2528906.96	-4289315.97
2536914.01	-4341358.82
2544168.55	-4388510.66
2550667.59	-4430752.02
2556408.44	-4468065.43
2561388.71	-4500435.36
2565606.32	-4527848.31
2569059.52	-4550292.81
2571746.85	-4567759.45
2573667.17	-4580240.87
2574819.69	-4587731.83

726975.94	9352294.53
730694.89	9337994.50
741735.06	9295543.06
759763.29	9226221.29
784275.12	9131968.88
814655.00	9015152.77
850236.66	8878334.90
890353.05	8724080.15
934371.37	8554821.81
981713.40	8372783.16
1031864.43	8179943.43
1084374.16	7978034.08
1138852.98	7768553.21
1194965.92	7552788.84
1252425.78	7331845.35
1310986.32	7106669.56
1370436.04	6878074.68
1430592.70	6646761.49
1491298.60	6413336.40
1552416.56	6178326.82
1613826.66	5942193.94
1675423.41	5705343.37
1737113.48	5468133.95
1798813.82	5230885.04
1860450.08	4993882.53
1921955.31	4757383.87
1983268.87	4521622.19
2044335.57	4286809.74
2105104.88	4053140.82
2165530.31	3820794.15
2225568.91	3589934.92
2285180.79	3360716.52
2344328.76	3133281.95
2402977.98	2907765.13
2461095.75	2684291.86
2518651.19	2462980.82
2575615.12	2243944.28
2631959.81	2027288.82
2687658.88	1813115.88
2742687.14	1601522.29
2797020.51	1392600.72
2850635.86	1186440.04
2903510.98	983125.69
2955624.47	782739.97
3006955.66	585362.29
3057484.60	391069.43
3107191.95	199935.73
3156058.96	12033.27
3204067.44	-172567.95
3251199.68	-353799.89
3297438.46	-531596.35
3342767.03	-705892.83
3387169.01	-876626.46
3430628.47	-1043735.91
3473129.84	-1207161.32
3514657.92	-1366844.26
3555197.87	-1522727.63
3594735.17	-1674755.69
3633255.68	-1822873.97
3670745.55	-1967029.26
3707191.28	-2107169.64
3742579.68	-2243244.40
3776897.88	-2375204.08
3810133.36	-2503000.48
3842273.90	-2626586.64
3873307.63	-2745916.89
3903222.98	-2860946.82
3932008.77	-2971633.37
3959654.14	-3077934.78
3986148.59	-3179810.69
4011481.98	-3277222.14
4035644.55	-3370131.59
4058626.94	-3458503.00
4080420.16	-3542301.85
4101015.63	-3621495.15
4120405.20	-3696051.53
4138581.14	-3765941.26
4155536.14	-3831136.30
4171263.36	-3891610.31
4185756.42	-3947338.74
4199009.40	-3998298.82
4211016.86	-4044469.64
4221773.83	-4085832.16
4231275.88	-4122369.25
4239519.05	-4154065.71
4246499.90	-4180908.32
4252215.50	-4202885.86
4256663.47	-4219989.09
4259841.93	-4232210.83
4261749.54	-4239545.94

1007211.92	9440616.57
1012364.46	9426768.36
1027660.41	9385658.22
1052638.19	9318526.74
1086598.88	9227252.34
1128689.66	9114127.15
1177987.39	8981632.18
1233567.93	8832251.26
1294554.50	8668340.81
1360146.03	8492053.87
1429629.37	8305307.10
1502380.64	8109777.28
1577860.05	7906915.17
1655603.51	7697968.10
1735213.10	7484005.55
1816347.65	7265944.41
1898714.16	7044572.22
1982060.12	6820567.61
2066167.03	6594517.82
2150844.86	6366933.61
2235927.43	6138261.59
2321268.60	5908894.56
2406739.07	5679180.01
2492223.77	5449427.22
2577619.68	5219913.05
2662834.05	4990886.80
2747782.87	4762574.25
2832389.67	4535180.94
2916584.44	4308895.03
3000302.78	4083889.58
3083485.17	3860324.59
3166076.34	3638348.58
3248024.77	3418100.04
3329282.20	3199708.65
3409803.31	2983296.25
3489545.33	2768977.76
3568467.81	2556861.90
3646532.35	2347051.89
3723702.39	2139645.96
3799943.05	1934737.89
3875220.94	1732417.41
3949504.04	1532770.59
4022761.55	1335880.16
4094963.83	1141825.83
4166082.27	950684.50
4236089.19	762530.52
4304957.82	577435.88
4372662.17	395470.40
4439177.04	216701.84
4504477.90	41196.11
4568540.90	-130982.69
4631342.80	-299772.10
4692860.94	-465111.22
4753073.23	-626940.68
4811958.10	-785202.50
4869494.50	-939840.09
4925661.85	-1090798.17
4980440.07	-1238022.75
5033809.53	-1381461.07
5085751.06	-1521061.64
5136245.95	-1656774.14
5185275.93	-1788549.47
5232823.18	-1916339.75
5278870.34	-2040098.30
5323400.47	-2159779.63
5366397.13	-2275339.51
5407844.31	-2386734.96
5447726.50	-2493924.25
5486028.65	-2596866.96
5522736.22	-2695524.00
5557835.17	-2789857.63
5591311.98	-2879831.51
5623153.66	-2965410.74
5653347.77	-3046561.88
5681882.42	-3123252.98
5708746.32	-3195453.68
5733928.74	-3263135.18
5757419.59	-3326270.31
5779209.37	-3384833.58
5799289.24	-3438801.21
5817651.00	-3488151.16
5834287.11	-3532863.16
5849190.71	-3572918.79
5862355.62	-3608301.45
5873776.38	-3638996.43
5883448.22	-3664990.93
5891367.09	-3686274.06
5897529.66	-3702836.90
5901933.36	-3714672.48
5904576.32	-3721775.83

1277024.68	9556952.55
1283557.48	9543699.47
1302950.93	9504356.06
1334619.78	9440109.58
1377677.89	9352757.74
1431043.97	9244494.17
1493547.63	9117693.23
1564017.12	8974732.03
1641340.83	8817865.71
1724503.07	8649154.78
1812599.66	8470433.54
1904839.60	8283306.72
2000538.50	8089162.71
2099107.95	7889195.24
2200043.42	7684427.82
2302912.36	7475737.97
2407343.27	7263879.36
2513016.02	7049501.45
2619653.56	6833166.27
2727014.96	6615362.60
2834889.52	6396517.87
2943091.95	6177007.99
3051458.32	5957165.54
3159842.73	5737286.48
3268114.57	5517635.80
3376156.24	5298452.07
3483861.22	5079951.35
3591132.56	4862330.38
3697881.49	4645769.21
3804026.37	4430433.49
3909491.73	4216476.31
4014207.49	4004039.82
4118108.33	3793256.58
4221133.07	3584250.66
4323224.24	3377138.69
4424327.62	3172030.63
4524391.92	2969030.56
4623368.45	2768237.23
4721210.87	2569744.67
4817874.94	2373642.62
4913318.33	2180016.96
5007500.44	1988950.06
5100382.24	1800521.10
5191926.13	1614806.35
5282095.83	1431879.41
5370856.27	1251811.44
5458173.48	1074671.33
5544014.53	900525.90
5628347.46	729440.01
5711141.16	561476.71
5792365.41	396697.38
5871990.73	235161.79
5949988.41	76928.19
6026330.42	-77946.56
6100989.42	-229407.01
6173938.71	-377398.97
6245152.22	-521869.56
6314604.48	-662767.09
6382270.59	-800041.08
6448126.26	-933642.25
6512147.77	-1063522.43
6574311.94	-1189634.66
6634596.19	-1311933.10
6692978.49	-1430373.05
6749437.39	-1544911.02
6803952.03	-1655504.67
6856502.12	-1762112.84
6907067.98	-1864695.62
6955630.54	-1963214.31
7002171.37	-2057631.52
7046672.66	-2147911.12
7089117.26	-2234018.33
7129488.71	-2315919.75
7167771.24	-2393583.38
7203949.78	-2466978.64
7238010.00	-2536076.48
7269938.31	-2600849.33
7299721.91	-2661271.20
7327348.76	-2717317.69
7352807.64	-2768966.03
7376088.16	-2816195.14
7397180.76	-2858985.63
7416076.75	-2897319.85
7432768.30	-2931181.92
7447248.46	-2960557.77
7459511.19	-2985435.14
7469551.37	-3005803.62
7477364.79	-3021654.66
7482948.15	-3032981.60
7486299.10	-3039779.68

1533622.05	9700098.54
1541467.51	9687577.75
1564757.76	9650408.21
1602789.94	9589711.61
1654499.89	9507186.30
1718589.02	9404904.71
1793651.77	9285110.02
1878280.96	9150047.98
1971141.61	9001849.14
2071013.95	8842460.14
2176812.12	8673613.95
2287586.18	8496826.61
2402514.22	8313409.81
2520889.59	8124491.32
2642106.40	7931038.10
2765645.19	7733879.18
2891059.80	7533726.58
3017965.77	7331193.88
3146030.39	7126812.06
3274964.32	6921042.89
3404514.52	6714290.18
3534458.47	6506909.08
3664599.30	6299213.78
3794761.80	6091483.90
3924789.11	5883969.77
4054539.99	5676896.79
4183886.55	5470469.09
4312712.32	5264872.53
4440910.72	5060277.21
4568383.68	4856839.62
4695040.59	4654704.41
4820797.29	4454005.86
4945575.31	4254869.21
5069301.20	4057411.69
5191905.93	3861743.46
5313324.39	3667968.42
5433494.98	3476184.89
5552359.24	3286486.18
5669861.50	3098961.10
5785948.65	2913694.46
5900569.84	2730767.37
6013676.32	2550257.66
6125221.21	2372240.13
6235159.36	2196786.84
6343447.19	2023967.32
6450042.60	1853848.81
6554904.78	1686496.38
6657994.20	1521973.17
6759272.46	1360340.44
6858702.22	1201657.77
6956247.15	1045983.14
7051871.89	893373.01
7145541.93	743882.44
7237223.63	597565.11
7326884.14	454473.45
7414491.41	314658.62
7500014.12	178170.59
7583421.68	45058.20
7664684.20	-84630.87
7743772.50	-210850.05
7820658.08	-333553.85
7895313.13	-452697.89
7967710.52	-568238.86
8037823.80	-680134.55
8105627.20	-788343.85
8171095.67	-892826.76
8234204.84	-993544.42
8294931.09	-1090459.10
8353251.52	-1183534.25
8409143.97	-1272734.54
8462587.07	-1358025.84
8513560.22	-1439375.29
8562043.67	-1516751.34
8608018.45	-1590123.75
8651466.48	-1659463.64
8692370.54	-1724743.56
8730714.33	-1785937.46
8766482.45	-1843020.78
8799660.47	-1895970.48
8830234.90	-1944765.06
8858193.27	-1989384.57
8883524.09	-2029810.72
8906216.91	-2066026.82
8926262.35	-2098017.88
8943652.07	-2125770.60
8958378.80	-2149273.40
8970436.39	-2168516.44
8979819.78	-2183491.65
8986525.03	-2194192.74
8990549.31	-2200615.19

1774348.60	9868573.21
1783425.53	9856914.27
1810371.56	9822303.26
1854373.50	9765784.65
1914200.15	9688939.89
1988349.10	9593698.75
2075194.15	9482150.01
2173107.25	9356384.83
2280543.86	9218387.12
2396092.77	9069969.50
2518497.66	8912745.67
2646659.48	8748127.32
2779627.32	8577335.84
2916583.61	8401421.37
3056827.34	8221284.31
3199757.52	8037696.63
3344857.96	7851321.34
3491683.85	7662729.79
3639850.27	7472416.38
3789022.44	7280811.13
3938907.62	7088290.05
4089248.36	6895183.82
4239816.88	6701785.03
4390410.46	6508354.03
4540847.64	6315123.93
4690965.01	6122304.62
4840614.58	5930086.17
4989661.62	5738641.64
5137982.81	5548129.44
5285464.70	5358695.28
5432002.44	5170473.85
5577498.66	4983590.19
5721862.59	4798160.92
5865009.25	4614295.19
6006858.75	4432095.59
6147335.78	4251658.87
6286369.08	4073076.57
6423890.98	3896435.58
6559837.11	3721818.61
6694146.00	3549304.62
6826758.82	3378969.13
6957619.17	3210884.63
7086672.82	3045120.76
7213867.52	2881744.63
7339152.87	2720820.98
7462480.13	2562412.41
7583802.11	2406579.52
7703073.07	2253381.10
7820248.57	2102874.20
7935285.42	1955114.30
8048141.60	1810155.38
8158776.17	1668050.02
8267149.23	1528849.49
8373221.84	1392603.77
8476956.01	1259361.68
8578314.64	1129170.87
8677261.51	1002077.87
8773761.21	878128.13
8867779.19	757366.08
8959281.67	639835.08
9048235.67	525577.47
9134609.03	414634.60
9218370.35	307046.78
9299489.03	202853.32
9377935.26	102092.50
9453680.06	4801.57
9526695.23	-88983.29
9596953.44	-179226.94
9664428.18	-265895.36
9729093.85	-348955.63
9790925.70	-428375.99
9849899.91	-504125.83
9905993.61	-576175.78
9959184.86	-644497.66
10009452.76	-709064.62
10056777.37	-769851.05
10101139.83	-826832.73
10142522.34	-879986.78
10180908.17	-929291.74
10216281.75	-974727.58
10248628.63	-1016275.76
10277935.53	-1053919.21
10304190.36	-1087642.41
10327382.25	-1117431.40
10347501.56	-1143273.79
10364539.89	-1165158.80
10378490.12	-1183077.26
10389346.38	-1197021.67
10397104.12	-1206986.15
10401760.08	-1212966.53

1996713.16	10060633.06
2006927.63	10049956.64
2037250.58	10018262.33
2086766.93	9966506.60
2154091.16	9896137.62
2237532.59	9808922.54
2335261.22	9706774.13
2445444.96	9591607.30
2566345.73	9465238.79
2696375.43	9329328.48
2834120.32	9185354.05
2978343.61	9034608.25
3127975.22	8878209.53
3282095.12	8717119.54
3439914.44	8552162.82
3600756.89	8384046.25
3764041.58	8213376.99
3929267.96	8040678.23
4096002.86	7866402.73
4263869.55	7690944.24
4432538.62	7514647.09
4601720.33	7337814.12
4771158.36	7160713.23
4940624.61	6983582.85
5109914.85	6806636.44
5278845.19	6630066.20
5447249.11	6454046.19
5614974.99	6278734.88
5781884.06	6104277.33
5947848.65	5930806.97
6112750.76	5758447.15
6276480.83	5587312.36
6438936.71	5417509.39
6600022.76	5249138.21
6759649.10	5082292.75
6917730.97	4917061.61
7074188.16	4753528.61
7228944.57	4591773.33
7381927.71	4431871.51
7533068.43	4273895.44
7682300.53	4117914.29
7829560.53	3963994.44
7974787.41	3812199.65
8117922.38	3662591.39
8258908.72	3515228.93
8397691.57	3370169.60
8534217.85	3227468.91
8668436.05	3087180.67
8800296.20	2949357.13
8929749.68	2814049.10
9056749.20	2681306.01
9181248.69	2551176.01
9303203.25	2423706.04
9422569.07	2298941.89
9539303.39	2176928.24
9653364.47	2057708.73
9764711.54	1941325.98
9873304.76	1827821.62
9979105.24	1717236.30
10082074.97	1609609.75
10182176.86	1504980.74
10279374.68	1403387.14
10373633.12	1304865.85
10464917.74	1209452.87
10553194.99	1117183.27
10638432.26	1028091.14
10720597.82	942209.62
10799660.92	859570.89
10875591.72	780206.11
10948361.40	704145.40
11017942.13	631417.88
11084307.10	562051.55
11147430.56	496073.33
11207287.84	433508.99
11263855.40	374383.16
11317110.82	318719.26
11367032.86	266539.48
11413601.49	217864.77
11456797.91	172714.79
11496604.57	131107.87
11533005.22	93061.00
11565984.91	58589.80
11595530.04	27708.48
11621628.39	429.84
11644269.08	-23234.78
11663442.69	-43275.52
11679141.18	-59683.98
11691357.97	-72453.27
11700087.93	-81578.04
11705327.37	-87054.44

2198414.57	10274290.56
2209660.87	10264707.13
2243046.95	10236257.52
2297565.28	10189800.26
2371690.38	10126635.29
2463560.79	10048348.83
2571161.64	9956657.82
2692475.79	9853281.17
2825589.55	9739849.59
2968754.43	9617853.06
3120413.86	9488617.97
3279206.11	9353304.72
3443953.01	9212917.28
3613641.59	9068318.83
3787403.31	8920249.50
3964493.54	8769343.81
4144272.71	8616146.76
4326189.71	8461127.99
4509767.62	8304693.88
4694591.66	8147197.91
4880299.12	7988949.13
5066571.01	7830219.37
5253125.12	7671249.13
5439710.29	7512252.42
5626101.67	7353420.85
5812096.80	7194926.93
5997512.34	7036926.92
6182181.34	6879563.05
6365951.01	6722965.54
6548680.80	6567254.16
6730240.78	6412539.61
6910510.33	6258924.70
7089376.97	6106505.25
7266735.40	5955371.02
7442486.67	5805606.31
7616537.45	5657290.66
7788799.44	5510499.31
7959188.82	5365303.68
8127625.82	5221771.75
8294034.27	5079968.43
8458341.31	4939955.81
8620477.04	4801793.45
8780374.26	4665538.61
8937968.26	4531246.44
9093196.57	4398970.17
9245998.81	4268761.25
9396316.52	4140669.50
9544093.01	4014743.22
9689273.24	3891029.33
9831803.68	3769573.42
9971632.28	3650419.86
10108708.30	3533611.88
10242982.31	3419191.61
10374406.07	3307200.15
10502932.51	3197677.61
10628515.67	3090663.16
10751110.65	2986195.06
10870673.61	2884310.67
10987161.70	2785046.49
11100533.10	2688438.18
11210746.95	2594520.53
11317763.38	2503327.54
11421543.49	2414892.34
11522049.38	2329247.24
11619244.11	2246423.70
11713091.77	2166452.35
11803557.43	2089362.93
11890607.22	2015184.32
11974208.30	1943944.48
12054328.94	1875670.47
12130938.49	1810388.40
12204007.42	1748123.43
12273507.41	1688899.70
12339411.28	1632740.37
12401693.10	1579667.53
12460328.21	1529702.20
12515293.21	1482864.32
12566566.06	1439172.67
12614126.04	1398644.90
12657953.84	1361297.47
12698031.56	1327145.64
12734342.75	1296203.42
12766872.43	1268483.57
12795607.14	1243997.57
12820534.93	1222755.60
12841645.39	1204766.53
12858929.69	1190037.88
12872380.58	1178575.84
12881992.41	1170385.22
12887761.13	1165469.46

-2664094.62	10309499.88
-2626131.00	10255658.39
-2587079.40	10202600.73
-2546956.01	10150348.88
-2505777.45	10098924.47
-2463560.79	10048348.83
-2420323.50	9998642.90
-2376083.50	9949827.27
-2330859.13	9901922.17
-2284669.11	9854947.44
-2237532.59	9808922.54
-2189469.08	9763866.55
-2140498.51	9719798.13
-2090641.16	9676735.53
-2039917.69	9634696.60
-1988349.10	9593698.75
-1935956.77	9553758.97
-1882762.40	9514893.79
-1828788.02	9477119.34
-1774056.00	9440451.24
-1718589.02	9404904.71
-1662410.04	9370494.45
-1605542.36	9337234.73
-1548009.52	9305139.33
-1489835.35	9274221.54
-1431043.97	9244494.17
-1371659.73	9215969.53
-1311707.23	9188659.46
-1251211.31	9162575.25
-1190197.02	9137727.71
-1128689.66	9114127.15
-1066714.69	9091783.33
-1004297.80	9070705.52
-941464.84	9050902.44
-878241.84	9032382.30
-814655.00	9015152.77
-750730.66	8999221.00
-686495.30	8984593.57
-621975.54	8971276.55
-557198.10	8959275.47
-492189.82	8948595.28
-426977.63	8939240.41
-361588.56	8931214.75
-296049.68	8924521.61
-230388.15	8919163.76
-164631.17	8915143.44
-98805.99	8912462.30
-32939.88	8911121.45
32939.88	8911121.45
98805.99	8912462.30
164631.17	8915143.44
230388.15	8919163.76
296049.68	8924521.61
361588.56	8931214.75
426977.63	8939240.41
492189.82	8948595.28
557198.10	8959275.47
621975.54	8971276.55
686495.30	8984593.57
750730.66	8999221.00
814655.00	9015152.77
878241.84	9032382.30
941464.84	9050902.44
1004297.80	9070705.52
1066714.69	9091783.33
1128689.66	9114127.15
1190197.02	9137727.71
1251211.31	9162575.25
1311707.23	9188659.46
1371659.73	9215969.53
1431043.97	9244494.17
1489835.35	9274221.54
1548009.52	9305139.33
1605542.36	9337234.73
1662410.04	9370494.45
1718589.02	9404904.71
1774056.00	9440451.24
1828788.02	9477119.34
1882762.40	9514893.79
1935956.77	9553758.97
1988349.10	9593698.75
2039917.69	9634696.60
2090641.16	9676735.53
2140498.51	9719798.13
2189469.08	9763866.55
2237532.59	9808922.54
2284669.11	9854947.44
2330859.13	9901922.17
2376083.50	9949827.27
2420323.50	9998642.90
2463560.79	10048348.83

-3374415.53	9819399.08
-3326329.76	9751201.97
-3276865.93	9683997.68
-3226044.54	9617814.04
-3173886.65	9552678.47
-3120413.86	9488617.97
-3065648.32	9425659.07
-3009612.72	9363827.85
-2952330.29	9303149.93
-2893824.74	9243650.45
-2834120.32	9185354.05
-2773241.77	9128284.90
-2711214.29	9072466.62
-2648063.60	9017922.35
-2583815.85	8964674.68
-2518497.66	8912745.67
-2452136.09	8862156.85
-2384758.64	8812929.15
-2316393.21	8765082.99
-2247068.13	8718638.17
-2176812.12	8673613.95
-2105654.29	8630028.97
-2033624.11	8587901.29
-1960751.43	8547248.37
-1887066.44	8508087.05
-1812599.66	8470433.54
-1737381.95	8434303.46
-1661444.46	8399711.77
-1584818.66	8366672.79
-1507536.29	8335200.22
-1429629.37	8305307.10
-1351130.17	8277005.80
-1272071.21	8250308.06
-1192485.26	8225224.94
-1112405.27	8201766.82
-1031864.43	8179943.43
-950896.10	8159763.80
-869533.83	8141236.30
-787811.33	8124368.60
-705762.44	8109167.69
-623421.16	8095639.87
-540821.62	8083790.74
-457998.01	8073625.22
-374984.66	8065147.50
-291815.97	8058361.11
-208526.37	8053268.85
-125150.39	8049872.85
-41722.56	8048174.49
41722.56	8048174.49
125150.39	8049872.85
208526.37	8053268.85
291815.97	8058361.11
374984.66	8065147.50
457998.01	8073625.22
540821.62	8083790.74
623421.16	8095639.87
705762.44	8109167.69
787811.33	8124368.60
869533.83	8141236.30
950896.10	8159763.80
1031864.43	8179943.43
1112405.27	8201766.82
1192485.26	8225224.94
1272071.21	8250308.06
1351130.17	8277005.80
1429629.37	8305307.10
1507536.29	8335200.22
1584818.66	8366672.79
1661444.46	8399711.77
1737381.95	8434303.46
1812599.66	8470433.54
1887066.44	8508087.05
1960751.43	8547248.37
2033624.11	8587901.29
2105654.29	8630028.97
2176812.12	8673613.95
2247068.13	8718638.17
2316393.21	8765082.99
2384758.64	8812929.15
2452136.09	8862156.85
2518497.66	8912745.67
2583815.85	8964674.68
2648063.60	9017922.35
2711214.29	9072466.62
2773241.77	9128284.90
2834120.32	9185354.05
2893824.74	9243650.45
2952330.29	9303149.93
3009612.72	9363827.85
3065648.32	9425659.07
3120413.86	9488617.97

-4287203.29	9189602.03
-4226110.20	9102957.43
-4163266.29	9017574.21
-4098697.59	8933487.73
-4032430.85	8850732.84
-3964493.54	8769343.81
-3894913.79	8689354.37
-3823720.42	8610797.65
-3750942.95	8533706.20
-3676611.51	8458111.96
-3600756.89	8384046.25
-3523410.54	8311539.74
-3444604.48	8240622.48
-3364371.37	8171323.85
-3282744.44	8103672.56
-3199757.52	8037696.63
-3115444.98	7973423.40
-3029841.76	7910879.49
-2942983.31	7850090.82
-2854905.63	7791082.56
-2765645.19	7733879.18
-2675238.99	7678504.35
-2583724.47	7624981.04
-2491139.55	7573331.40
-2397522.59	7523576.84
-2302912.36	7475737.97
-2207348.07	7429834.61
-2110869.30	7385885.78
-2013516.03	7343909.67
-1915328.59	7303923.70
-1816347.65	7265944.41
-1716614.23	7229987.54
-1616169.63	7196068.00
-1515055.48	7164199.83
-1413313.66	7134396.23
-1310986.32	7106669.56
-1208115.86	7081031.29
-1104744.89	7057492.06
-1000916.24	7036061.60
-896672.93	7016748.81
-792058.13	6999561.68
-687115.20	6984507.33
-581887.61	6971592.01
-476418.94	6960821.05
-370752.91	6952198.92
-264933.27	6945729.20
-159003.88	6941414.56
-53008.61	6939256.80
53008.61	6939256.80
159003.88	6941414.56
264933.27	6945729.20
370752.91	6952198.92
476418.94	6960821.05
581887.61	6971592.01
687115.20	6984507.33
792058.13	6999561.68
896672.93	7016748.81
1000916.24	7036061.60
1104744.89	7057492.06
1208115.86	7081031.29
1310986.32	7106669.56
1413313.66	7134396.23
1515055.48	7164199.83
1616169.63	7196068.00
1716614.23	7229987.54
1816347.65	7265944.41
1915328.59	7303923.70
2013516.03	7343909.67
2110869.30	7385885.78
2207348.07	7429834.61
2302912.36	7475737.97
2397522.59	7523576.84
2491139.55	7573331.40
2583724.47	7624981.04
2675238.99	7678504.35
2765645.19	7733879.18
2854905.63	7791082.56
2942983.31	7850090.82
3029841.76	7910879.49
3115444.98	7973423.40
3199757.52	8037696.63
3282744.44	8103672.56
3364371.37	8171323.85
3444604.48	8240622.48
3523410.54	8311539.74
3600756.89	8384046.25
3676611.51	8458111.96
3750942.95	8533706.20
3823720.42	8610797.65
3894913.79	8689354.37
3964493.54	8769343.81

-5277555.45	8506287.80
-5202349.73	8399628.13
-5124988.75	8294521.22
-5045504.56	8191010.61
-4963930.09	8089139.17
-4880299.12	7988949.13
-4794646.31	7890481.97
-4707007.15	7793778.50
-4617417.94	7698878.78
-4525915.79	7605822.13
-4432538.62	7514647.09
-4337325.10	7425391.44
-4240314.70	7338092.16
-4141547.58	7252785.42
-4041064.68	7169506.54
-3938907.62	7088290.05
-3835118.73	7009169.58
-3729741.00	6932177.91
-3622818.08	6857346.93
-3514394.28	6784707.66
-3404514.52	6714290.18
-3293224.31	6646123.67
-3180569.77	6580236.37
-3066597.55	6516655.56
-2951354.89	6455407.61
-2834889.52	6396517.87
-2717249.69	6340010.74
-2598484.15	6285909.64
-2478642.08	6234236.98
-2357773.15	6185014.17
-2235927.43	6138261.59
-2113155.39	6093998.62
-1989507.90	6052243.60
-1865036.19	6013013.82
-1739791.81	5976325.53
-1613826.66	5942193.94
-1487192.93	5910633.19
-1359943.07	5881656.35
-1232129.81	5855275.42
-1103806.09	5831501.33
-975025.08	5810343.94
-845840.13	5791812.01
-716304.76	5775913.22
-586472.63	5762654.15
-456397.54	5752040.30
-326133.37	5744076.06
-195734.08	5738764.73
-65253.70	5736108.51
65253.70	5736108.51
195734.08	5738764.73
326133.37	5744076.06
456397.54	5752040.30
586472.63	5762654.15
716304.76	5775913.22
845840.13	5791812.01
975025.08	5810343.94
1103806.09	5831501.33
1232129.81	5855275.42
1359943.07	5881656.35
1487192.93	5910633.19
1613826.66	5942193.94
1739791.81	5976325.53
1865036.19	6013013.82
1989507.90	6052243.60
2113155.39	6093998.62
2235927.43	6138261.59
2357773.15	6185014.17
2478642.08	6234236.98
2598484.15	6285909.64
2717249.69	6340010.74
2834889.52	6396517.87
2951354.89	6455407.61
3066597.55	6516655.56
3180569.77	6580236.37
3293224.31	6646123.67
3404514.52	6714290.18
3514394.28	6784707.66
3622818.08	6857346.93
3729741.00	6932177.91
3835118.73	7009169.58
3938907.62	7088290.05
4041064.68	7169506.54
4141547.58	7252785.42
4240314.70	7338092.16
4337325.10	7425391.44
4432538.62	7514647.09
4525915.79	7605822.13
4617417.94	7698878.78
4707007.15	7793778.50
4794646.31	7890481.97
4880299.12	7988949.13

-6285201.46	7811041.31
-6195636.68	7684017.06
-6103505.14	7558842.04
-6008844.99	7435568.10
-5911695.46	7314246.31
-5812096.80	7194926.93
-5710090.27	7077659.40
-5605718.12	6962492.30
-5499023.60	6849473.33
-5390050.90	6738649.33
-5278845.19	6630066.20
-5165452.51	6523768.93
-5049919.87	6419801.56
-4932295.10	6318207.16
-4812626.96	6219027.82
-4690965.01	6122304.62
-4567359.65	6028077.64
-4441862.10	5936385.91
-4314524.35	5847267.43
-4185399.15	5760759.11
-4054539.99	5676896.79
-3922001.09	5595715.22
-3787837.37	5517248.02
-3652104.39	5441527.71
-3514858.39	5368585.65
-3376156.24	5298452.07
-3236055.39	5231156.01
-3094613.88	5166725.36
-2951890.32	5105186.82
-2807943.83	5046565.87
-2662834.05	4990886.80
-2516621.09	4938172.69
-2369365.53	4888445.36
-2221128.37	4841725.42
-2071971.03	4798032.22
-1921955.31	4757383.87
-1771143.34	4719797.21
-1619597.61	4685287.81
-1467380.90	4653869.95
-1314556.28	4625556.67
-1161187.05	4600359.70
-1007336.76	4578289.46
-853069.14	4559355.10
-698448.11	4543564.47
-543537.72	4530924.11
-388402.15	4521439.25
-233105.67	4515113.83
-77712.62	4511950.46
77712.62	4511950.46
233105.67	4515113.83
388402.15	4521439.25
543537.72	4530924.11
698448.11	4543564.47
853069.14	4559355.10
1007336.76	4578289.46
1161187.05	4600359.70
1314556.28	4625556.67
1467380.90	4653869.95
1619597.61	4685287.81
1771143.34	4719797.21
1921955.31	4757383.87
2071971.03	4798032.22
2221128.37	4841725.42
2369365.53	4888445.36
2516621.09	4938172.69
2662834.05	4990886.80
2807943.83	5046565.87
2951890.32	5105186.82
3094613.88	5166725.36
3236055.39	5231156.01
3376156.24	5298452.07
3514858.39	5368585.65
3652104.39	5441527.71
3787837.37	5517248.02
3922001.09	5595715.22
4054539.99	5676896.79
4185399.15	5760759.11
4314524.35	5847267.43
4441862.10	5936385.91
4567359.65	6028077.64
4690965.01	6122304.62
4812626.96	6219027.82
4932295.10	6318207.16
5049919.87	6419801.56
5165452.51	6523768.93
5278845.19	6630066.20
5390050.90	6738649.33
5499023.60	6849473.33
5605718.12	6962492.30
5710090.27	7077659.40
5812096.80	7194926.93

-7278082.35	7125982.32
-7174368.92	6978891.90
-7067683.24	6833942.83
-6958069.52	6691195.16
-6845573.16	6550708.01
-6730240.78	6412539.61
-6612120.15	6276747.19
-6491260.21	6143386.99
-6367711.02	6012514.29
-6241523.78	5884183.28
-6112750.76	5758447.15
-5981445.31	5635357.97
-5847661.83	5514966.74
-5711455.74	5397323.35
-5572883.47	5282476.53
-5432002.44	5170473.85
-5288870.99	5061361.72
-5143548.44	4955185.34
-4996094.99	4851988.70
-4846571.73	4751814.56
-4695040.59	4654704.41
-4541564.36	4560698.48
-4386206.63	4469835.73
-4229031.74	4382153.78
-4070104.83	4297688.98
-3909491.73	4216476.31
-3747258.98	4138549.41
-3583473.79	4063940.58
-3418204.01	3992680.72
-3251518.12	3924799.35
-3083485.17	3860324.59
-2914174.78	3799283.16
-2743657.08	3741700.34
-2572002.72	3687600.00
-2399282.81	3637004.54
-2225568.91	3589934.92
-2050933.00	3546410.64
-1875447.40	3506449.75
-1699184.84	3470068.78
-1522218.32	3437282.82
-1344621.18	3408105.44
-1166466.97	3382548.74
-987829.51	3360623.30
-808782.81	3342338.20
-629401.04	3327701.03
-449758.51	3316717.84
-269929.66	3309393.18
-89988.98	3305730.09
89988.98	3305730.09
269929.66	3309393.18
449758.51	3316717.84
629401.04	3327701.03
808782.81	3342338.20
987829.51	3360623.30
1166466.97	3382548.74
1344621.18	3408105.44
1522218.32	3437282.82
1699184.84	3470068.78
1875447.40	3506449.75
2050933.00	3546410.64
2225568.91	3589934.92
2399282.81	3637004.54
2572002.72	3687600.00
2743657.08	3741700.34
2914174.78	3799283.16
3083485.17	3860324.59
3251518.12	3924799.35
3418204.01	3992680.72
3583473.79	4063940.58
3747258.98	4138549.41
3909491.73	4216476.31
4070104.83	4297688.98
4229031.74	4382153.78
4386206.63	4469835.73
4541564.36	4560698.48
4695040.59	4654704.41
4846571.73	4751814.56
4996094.99	4851988.70
5143548.44	4955185.34
5288870.99	5061361.72
5432002.44	5170473.85
5572883.47	5282476.53
5711455.74	5397323.35
5847661.83	5514966.74
5981445.31	5635357.97
6112750.76	5758447.15
6241523.78	5884183.28
6367711.02	6012514.29
6491260.21	6143386.99
6612120.15	6276747.19
6730240.78	6412539.61

-8236523.56	6464685.71
-8119152.24	6298225.15
-7998417.27	6134187.92
-7874368.66	5972641.99
-7747057.80	5813654.28
-7616537.45	5657290.66
-7482861.66	5503615.91
-7346085.83	5352693.68
-7206266.61	5204586.52
-7063461.94	5059355.77
-6917730.97	4917061.61
-6769134.07	4777762.98
-6617732.82	4641517.59
-6463589.93	4508381.89
-6306769.26	4378411.03
-6147335.78	4251658.87
-5985355.55	4128177.90
-5820895.66	4008019.30
-5654024.25	3891232.83
-5484810.46	3777866.88
-5313324.39	3667968.42
-5139637.07	3561582.98
-4963820.48	3458754.62
-4785947.44	3359525.96
-4606091.65	3263938.10
-4424327.62	3172030.63
-4240730.64	3083841.65
-4055376.80	2999407.67
-3868342.86	2918763.69
-3679706.32	2841943.11
-3489545.33	2768977.76
-3297938.67	2699897.86
-3104965.71	2634732.04
-2910706.41	2573507.29
-2715241.25	2516248.98
-2518651.19	2462980.82
-2321017.70	2413724.89
-2122422.64	2368501.60
-1922948.28	2327329.67
-1722677.28	2290226.16
-1521692.59	2257206.46
-1320077.49	2228284.22
-1117915.49	2203471.45
-915290.36	2182778.41
-712286.04	2166213.69
-508986.63	2153784.14
-305476.35	2145494.91
-101839.51	2141349.43
101839.51	2141349.43
305476.35	2145494.91
508986.63	2153784.14
712286.04	2166213.69
915290.36	2182778.41
1117915.49	2203471.45
1320077.49	2228284.22
1521692.59	2257206.46
1722677.28	2290226.16
1922948.28	2327329.67
2122422.64	2368501.60
2321017.70	2413724.89
2518651.19	2462980.82
2715241.25	2516248.98
2910706.41	2573507.29
3104965.71	2634732.04
3297938.67	2699897.86
3489545.33	2768977.76
3679706.32	2841943.11
3868342.86	2918763.69
4055376.80	2999407.67
4240730.64	3083841.65
4424327.62	3172030.63
4606091.65	3263938.10
4785947.44	3359525.96
4963820.48	3458754.62
5139637.07	3561582.98
5313324.39	3667968.42
5484810.46	3777866.88
5654024.25	3891232.83
5820895.66	4008019.30
5985355.55	4128177.90
6147335.78	4251658.87
6306769.26	4378411.03
6463589.93	4508381.89
6617732.82	4641517.59
6769134.07	4777762.98
6917730.97	4917061.61
7063461.94	5059355.77
7206266.61	5204586.52
7346085.83	5352693.68
7482861.66	5503615.91
7616537.45	5657290.66

-9146850.26	5836586.72
-9016506.69	5651728.41
-8882427.70	5469561.27
-8744668.85	5290160.77
-8603287.19	5113601.23
-8458341.31	4939955.81
-8309891.26	4769296.43
-8157998.53	4601693.81
-8002726.05	4437217.37
-7844138.15	4275935.26
-7682300.53	4117914.29
-7517280.23	3963219.94
-7349145.63	3811916.28
-7177966.38	3664066.00
-7003813.40	3519730.35
-6826758.82	3378969.13
-6646876.02	3241840.66
-6464239.50	3108401.75
-6278924.94	2978707.67
-6091009.10	2852812.16
-5900569.84	2730767.37
-5707686.06	2612623.87
-5512437.66	2498430.60
-5314905.53	2388234.87
-5115171.50	2282082.33
-4913318.33	2180016.96
-4709429.64	2082081.05
-4503589.90	1988315.17
-4295884.38	1898758.16
-4086399.13	1813447.12
-3875220.94	1732417.41
-3662437.30	1655702.58
-3448136.37	1583334.42
-3232406.91	1515342.92
-3015338.32	1451756.24
-2797020.51	1392600.72
-2577543.93	1337900.87
-2356999.52	1287679.35
-2135478.62	1241956.97
-1913073.03	1200752.67
-1689874.88	1164083.52
-1465976.64	1131964.71
-1241471.06	1104409.55
-1016451.16	1081429.45
-791010.15	1063033.94
-565241.44	1049230.63
-339238.56	1040025.25
-113095.14	1035421.61
113095.14	1035421.61
339238.56	1040025.25
565241.44	1049230.63
791010.15	1063033.94
1016451.16	1081429.45
1241471.06	1104409.55
1465976.64	1131964.71
1689874.88	1164083.52
1913073.03	1200752.67
2135478.62	1241956.97
2356999.52	1287679.35
2577543.93	1337900.87
2797020.51	1392600.72
3015338.32	1451756.24
3232406.91	1515342.92
3448136.37	1583334.42
3662437.30	1655702.58
3875220.94	1732417.41
4086399.13	1813447.12
4295884.38	1898758.16
4503589.90	1988315.17
4709429.64	2082081.05
4913318.33	2180016.96
5115171.50	2282082.33
5314905.53	2388234.87
5512437.66	2498430.60
5707686.06	2612623.87
5900569.84	2730767.37
6091009.10	2852812.16
6278924.94	2978707.67
6464239.50	3108401.75
6646876.02	3241840.66
6826758.82	3378969.13
7003813.40	3519730.35
7177966.38	3664066.00
7349145.63	3811916.28
7517280.23	3963219.94
7682300.53	4117914.29
7844138.15	4275935.26
8002726.05	4437217.37
8157998.53	4601693.81
8309891.26	4769296.43
8458341.31	4939955.81


-9856141.65	5046815.52
-9709576.97	4847684.62
-9558989.73	4651577.99
-9404442.34	4458576.88
-9245998.81	4268761.25
-9083724.79	4082209.74
-8917687.51	3898999.62
-8747955.75	3719206.81
-8574599.83	3542905.79
-8397691.57	3370169.60
-8217304.26	3201069.80
-8033512.63	3035676.44
-7846392.83	2874058.05
-7656022.37	2716281.59
-7462480.13	2562412.41
-7265846.28	2412514.26
-7066202.29	2266649.25
-6863630.87	2124877.80
-6658215.94	1987258.65
-6450042.60	1853848.81
-6239197.09	1724703.55
-6025766.77	1599876.38
-5809840.06	1479419.00
-5591506.40	1363381.33
-5370856.27	1251811.44
-5147981.06	1144755.54
-4922973.11	1042257.99
-4695925.64	944361.25
-4466932.71	851105.88
-4236089.19	762530.52
-4003490.72	678671.86
-3769233.66	599564.64
-3533415.05	525241.63
-3296132.60	455733.63
-3057484.60	391069.43
-2817569.93	331275.82
-2576487.98	276377.57
-2334338.62	226397.43
-2091222.18	181356.11
-1847239.38	141272.25
-1602491.29	106162.48
-1357079.30	76041.33
-1111105.10	50921.28
-864670.58	30812.74
-617877.85	15724.04
-370829.13	5661.44
-123626.78	629.09
123626.78	629.09
370829.13	5661.44
617877.85	15724.04
864670.58	30812.74
1111105.10	50921.28
1357079.30	76041.33
1602491.29	106162.48
1847239.38	141272.25
2091222.18	181356.11
2334338.62	226397.43
2576487.98	276377.57
2817569.93	331275.82
3057484.60	391069.43
3296132.60	455733.63
3533415.05	525241.63
3769233.66	599564.64
4003490.72	678671.86
4236089.19	762530.52
4466932.71	851105.88
4695925.64	944361.25
4922973.11	1042257.99
5147981.06	1144755.54
5370856.27	1251811.44
5591506.40	1363381.33
5809840.06	1479419.00
6025766.77	1599876.38
6239197.09	1724703.55
6450042.60	1853848.81
6658215.94	1987258.65
6863630.87	2124877.80
7066202.29	2266649.25
7265846.28	2412514.26
7462480.13	2562412.41
7656022.37	2716281.59
7846392.83	2874058.05
8033512.63	3035676.44
8217304.26	3201069.80
8397691.57	3370169.60
8574599.83	3542905.79
8747955.75	3719206.81
8917687.51	3898999.62
9083724.79	4082209.74
9245998.81	4268761.25

-10783323.10	4707467.97
-10629659.62	4489536.46
-10471592.42	4274777.60
-10309186.98	4063280.37
-10142510.58	3855132.38
-9971632.28	3650419.86
-9796622.86	3449227.63
-9617554.84	3251639.04
-9434502.39	3057735.95
-9247541.36	2867598.68
-9056749.20	2681306.01
-8862204.94	2498935.12
-8663989.20	2320561.56
-8462184.08	2146259.23
-8256873.20	1976100.34
-8048141.60	1810155.38
-7836075.77	1648493.10
-7620763.56	1491180.49
-7402294.17	1338282.70
-7180758.11	1189863.09
-6956247.15	1045983.14
-6728854.32	906702.45
-6498673.82	772078.74
-6265801.00	642167.78
-6030332.35	517023.38
-5792365.41	396697.38
-5551998.77	281239.65
-5309332.02	170698.01
-5064465.68	65118.26
-4817501.20	-35455.86
-4568540.90	-130982.69
-4317687.91	-221422.65
-4065046.16	-306738.27
-3810720.32	-386894.21
-3554815.75	-461857.25
-3297438.46	-531596.35
-3038695.10	-596082.61
-2778692.84	-655289.32
-2517539.41	-709191.94
-2255342.99	-757768.14
-1992212.22	-800997.81
-1728256.10	-838863.03
-1463583.98	-871348.11
-1198305.53	-898439.60
-932530.63	-920126.28
-666369.40	-936399.15
-399932.10	-947251.47
-133329.11	-952678.76
133329.11	-952678.76
399932.10	-947251.47
666369.40	-936399.15
932530.63	-920126.28
1198305.53	-898439.60
1463583.98	-871348.11
1728256.10	-838863.03
1992212.22	-800997.81
2255342.99	-757768.14
2517539.41	-709191.94
2778692.84	-655289.32
3038695.10	-596082.61
3297438.46	-531596.35
3554815.75	-461857.25
3810720.32	-386894.21
4065046.16	-306738.27
4317687.91	-221422.65
4568540.90	-130982.69
4817501.20	-35455.86
5064465.68	65118.26
5309332.02	170698.01
5551998.77	281239.65
5792365.41	396697.38
6030332.35	517023.38
6265801.00	642167.78
6498673.82	772078.74
6728854.32	906702.45
6956247.15	1045983.14
7180758.11	1189863.09
7402294.17	1338282.70
7620763.56	1491180.49
7836075.77	1648493.10
8048141.60	1810155.38
8256873.20	1976100.34
8462184.08	2146259.23
8663989.20	2320561.56
8862204.94	2498935.12
9056749.20	2681306.01
9247541.36	2867598.68
9434502.39	3057735.95
9617554.84	3251639.04
9796622.86	3449227.63
9971632.28	3650419.86

-11493676.80	4217344.54
-11329890.71	3985056.75
-11161410.79	3756150.60
-10988306.86	3530720.94
-10810650.62	3308861.16
-10628515.67	3090663.16
-10441977.47	2876217.35
-10251113.31	2665612.57
-10056002.24	2458936.07
-9856725.11	2256273.47
-9653364.47	2057708.73
-9446004.58	1863324.12
-9234731.33	1673200.16
-9019632.26	1487415.63
-8800796.47	1306047.49
-8578314.64	1129170.87
-8352278.93	956859.06
-8122782.98	789183.44
-7889921.87	626213.48
-7653792.07	468016.69
-7414491.41	314658.62
-7172119.03	166202.79
-6926775.34	22710.71
-6678561.98	-115758.16
-6427581.77	-249146.48
-6173938.71	-377398.97
-5917737.87	-500462.51
-5659085.39	-618286.10
-5398088.43	-730820.94
-5134855.12	-838020.41
-4869494.50	-939840.09
-4602116.52	-1036237.80
-4332831.94	-1127173.60
-4061752.33	-1212609.83
-3788989.99	-1292511.08
-3514657.92	-1366844.26
-3238869.78	-1435578.56
-2961739.82	-1498685.52
-2683382.85	-1556138.99
-2403914.19	-1607915.16
-2123449.62	-1653992.59
-1842105.34	-1694352.19
-1559997.89	-1728977.24
-1277244.16	-1757853.38
-993961.28	-1780968.67
-710266.62	-1798313.52
-426277.71	-1809880.75
-142112.20	-1815665.56
142112.20	-1815665.56
426277.71	-1809880.75
710266.62	-1798313.52
993961.28	-1780968.67
1277244.16	-1757853.38
1559997.89	-1728977.24
1842105.34	-1694352.19
2123449.62	-1653992.59
2403914.19	-1607915.16
2683382.85	-1556138.99
2961739.82	-1498685.52
3238869.78	-1435578.56
3514657.92	-1366844.26
3788989.99	-1292511.08
4061752.33	-1212609.83
4332831.94	-1127173.60
4602116.52	-1036237.80
4869494.50	-939840.09
5134855.12	-838020.41
5398088.43	-730820.94
5659085.39	-618286.10
5917737.87	-500462.51
6173938.71	-377398.97
6427581.77	-249146.48
6678561.98	-115758.16
6926775.34	22710.71
7172119.03	166202.79
7414491.41	314658.62
7653792.07	468016.69
7889921.87	626213.48
8122782.98	789183.44
8352278.93	956859.06
8578314.64	1129170.87
8800796.47	1306047.49
9019632.26	1487415.63
9234731.33	1673200.16
9446004.58	1863324.12
9653364.47	2057708.73
9856725.11	2256273.47
10056002.24	2458936.07
10251113.31	2665612.57
10441977.47	2876217.35
10628515.67	3090663.16

-12123301.70	3782921.64
-11950543.38	3537909.10
-11772834.12	3296463.45
-11590247.54	3058684.73
-11402859.27	2824671.44
-11210746.95	2594520.53
-11013990.16	2368327.36
-10812670.44	2146185.62
-10606871.17	1928187.36
-10396677.61	1714422.88
-10182176.86	1504980.74
-9963457.76	1299947.72
-9740610.94	1099408.75
-9513728.72	903446.92
-9282905.09	712143.41
-9048235.67	525577.47
-8809817.70	343826.40
-8567749.94	166965.49
-8322132.67	-4931.98
-8073067.66	-171794.81
-7820658.08	-333553.85
-7565008.51	-490142.11
-7306224.86	-641494.69
-7044414.35	-787548.91
-6779685.42	-928244.26
-6512147.77	-1063522.43
-6241912.21	-1193327.40
-5969090.72	-1317605.39
-5693796.32	-1436304.90
-5416143.05	-1549376.76
-5136245.95	-1656774.14
-4854220.97	-1758452.52
-4570184.96	-1854369.80
-4284255.58	-1944486.23
-3996551.29	-2028764.48
-3707191.28	-2107169.64
-3416295.43	-2179669.22
-3123984.26	-2246233.18
-2830378.86	-2306833.96
-2535600.88	-2361446.44
-2239772.43	-2410048.00
-1943016.07	-2452618.50
-1645454.75	-2489140.31
-1347211.74	-2519598.29
-1048410.59	-2543979.84
-749175.11	-2562274.84
-449629.25	-2574475.72
-149897.12	-2580577.43
149897.12	-2580577.43
449629.25	-2574475.72
749175.11	-2562274.84
1048410.59	-2543979.84
1347211.74	-2519598.29
1645454.75	-2489140.31
1943016.07	-2452618.50
2239772.43	-2410048.00
2535600.88	-2361446.44
2830378.86	-2306833.96
3123984.26	-2246233.18
3416295.43	-2179669.22
3707191.28	-2107169.64
3996551.29	-2028764.48
4284255.58	-1944486.23
4570184.96	-1854369.80
4854220.97	-1758452.52
5136245.95	-1656774.14
5416143.05	-1549376.76
5693796.32	-1436304.90
5969090.72	-1317605.39
6241912.21	-1193327.40
6512147.77	-1063522.43
6779685.42	-928244.26
7044414.35	-787548.91
7306224.86	-641494.69
7565008.51	-490142.11
7820658.08	-333553.85
8073067.66	-171794.81
8322132.67	-4931.98
8567749.94	166965.49
8809817.70	343826.40
9048235.67	525577.47
9282905.09	712143.41
9513728.72	903446.92
9740610.94	1099408.75
9963457.76	1299947.72
10182176.86	1504980.74
10396677.61	1714422.88
10606871.17	1928187.36
10812670.44	2146185.62
11013990.16	2368327.36
11210746.95	2594520.53

-12666537.39	3408104.79
-12486037.91	3152113.42
-12300365.63	2899848.78
-12109597.48	2651415.38
-11913812.49	2406916.14
-11713091.77	2166452.35
-11507518.47	1930123.64
-11297177.76	1698027.91
-11082156.79	1470261.31
-10862544.63	1246918.21
-10638432.26	1028091.14
-10409912.53	813870.74
-10177080.12	604345.78
-9940031.48	399603.05
-9698864.82	199727.38
-9453680.06	4801.57
-9204578.76	-185093.63
-8951664.13	-369879.54
-8695040.94	-549479.60
-8434815.52	-723819.42
-8171095.67	-892826.76
-7903990.64	-1056431.61
-7633611.10	-1214566.19
-7360069.06	-1367164.99
-7083477.84	-1514164.78
-6803952.03	-1655504.67
-6521607.43	-1791126.09
-6236561.02	-1920972.88
-5948930.89	-2044991.22
-5658836.20	-2163129.75
-5366397.13	-2275339.51
-5071734.83	-2381574.03
-4774971.38	-2481789.29
-4476229.73	-2575943.77
-4175633.63	-2663998.46
-3873307.63	-2745916.89
-3569376.96	-2821665.12
-3263967.56	-2891211.76
-2957205.93	-2954528.01
-2649219.17	-3011587.63
-2340134.88	-3062366.99
-2030081.11	-3106845.04
-1719186.29	-3145003.36
-1407579.24	-3176826.15
-1095389.06	-3202300.21
-782745.06	-3221415.00
-469776.79	-3234162.59
-156613.89	-3240537.71
156613.89	-3240537.71
469776.79	-3234162.59
782745.06	-3221415.00
1095389.06	-3202300.21
1407579.24	-3176826.15
1719186.29	-3145003.36
2030081.11	-3106845.04
2340134.88	-3062366.99
2649219.17	-3011587.63
2957205.93	-2954528.01
3263967.56	-2891211.76
3569376.96	-2821665.12
3873307.63	-2745916.89
4175633.63	-2663998.46
4476229.73	-2575943.77
4774971.38	-2481789.29
5071734.83	-2381574.03
5366397.13	-2275339.51
5658836.20	-2163129.75
5948930.89	-2044991.22
6236561.02	-1920972.88
6521607.43	-1791126.09
6803952.03	-1655504.67
7083477.84	-1514164.78
7360069.06	-1367164.99
7633611.10	-1214566.19
7903990.64	-1056431.61
8171095.67	-892826.76
8434815.52	-723819.42
8695040.94	-549479.60
8951664.13	-369879.54
9204578.76	-185093.63
9453680.06	4801.57
9698864.82	199727.38
9940031.48	399603.05
10177080.12	604345.78
10409912.53	813870.74
10638432.26	1028091.14
10862544.63	1246918.21
11082156.79	1470261.31
11297177.76	1698027.91
11507518.47	1930123.64
11713091.77	2166452.35

-13118396.82	3096334.90
-12931458.30	2831211.43
-12739162.45	2569947.63
-12541588.94	2312651.75
-12338819.61	2059430.37
-12130938.49	1810388.40
-11918031.67	1565629.02
-11700187.38	1325253.63
-11477495.86	1089361.80
-11250049.37	858051.28
-11017942.13	631417.88
-10781270.31	409555.50
-10540131.96	192556.05
-10294626.97	-19490.56
-10044857.06	-226496.49
-9790925.70	-428375.99
-9532938.09	-625045.40
-9271001.11	-816423.27
-9005223.29	-1002430.29
-8735714.72	-1182989.42
-8462587.07	-1358025.84
-8185953.47	-1527467.04
-7905928.55	-1691242.83
-7622628.31	-1849285.36
-7336170.12	-2001529.14
-7046672.66	-2147911.12
-6754255.85	-2288370.63
-6459040.84	-2422849.50
-6161149.94	-2551292.01
-5860706.56	-2673644.95
-5557835.17	-2789857.63
-5252661.25	-2899881.90
-4945311.21	-3003672.18
-4635912.41	-3101185.48
-4324593.00	-3192381.39
-4011481.98	-3277222.14
-3696709.05	-3355672.57
-3380404.63	-3427700.18
-3062699.75	-3493275.14
-2743726.03	-3552370.28
-2423615.63	-3604961.11
-2102501.16	-3651025.85
-1780515.65	-3690545.41
-1457792.49	-3723503.43
-1134465.39	-3749886.24
-810668.30	-3769682.91
-486535.36	-3782885.26
-162200.85	-3789487.80
162200.85	-3789487.80
486535.36	-3782885.26
810668.30	-3769682.91
1134465.39	-3749886.24
1457792.49	-3723503.43
1780515.65	-3690545.41
2102501.16	-3651025.85
2423615.63	-3604961.11
2743726.03	-3552370.28
3062699.75	-3493275.14
3380404.63	-3427700.18
3696709.05	-3355672.57
4011481.98	-3277222.14
4324593.00	-3192381.39
4635912.41	-3101185.48
4945311.21	-3003672.18
5252661.25	-2899881.90
5557835.17	-2789857.63
5860706.56	-2673644.95
6161149.94	-2551292.01
6459040.84	-2422849.50
6754255.85	-2288370.63
7046672.66	-2147911.12
7336170.12	-2001529.14
7622628.31	-1849285.36
7905928.55	-1691242.83
8185953.47	-1527467.04
8462587.07	-1358025.84
8735714.72	-1182989.42
9005223.29	-1002430.29
9271001.11	-816423.27
9532938.09	-625045.40
9790925.70	-428375.99
10044857.06	-226496.49
10294626.97	-19490.56
10540131.96	192556.05
10781270.31	409555.50
11017942.13	631417.88
11250049.37	858051.28
11477495.86	1089361.80
11700187.38	1325253.63
11918031.67	1565629.02
12130938.49	1810388.40

-13474598.87	2850565.83
-13282584.43	2578243.50
-13085067.20	2309885.64
-12882129.00	2045603.44
-12673853.90	1785506.37
-12460328.21	1529702.20
-12241640.36	1278296.90
-12017880.98	1031394.63
-11789142.74	789097.67
-11555520.43	551506.40
-11317110.82	318719.26
-11074012.68	90832.68
-10826326.73	-132058.93
-10574155.58	-349863.21
-10317603.70	-562489.95
-10056777.37	-769851.05
-9791784.66	-971860.61
-9522735.35	-1168434.93
-9249740.89	-1359492.57
-8972914.39	-1544954.40
-8692370.54	-1724743.56
-8408225.56	-1898785.58
-8120597.16	-2067008.35
-7829604.50	-2229342.18
-7535368.15	-2385719.82
-7238010.00	-2536076.48
-6937653.24	-2680349.88
-6634422.30	-2818480.23
-6328442.81	-2950410.33
-6019841.53	-3076085.50
-5708746.32	-3195453.68
-5395286.04	-3308465.43
-5079590.58	-3415073.91
-4761790.71	-3515234.97
-4442018.09	-3608907.12
-4120405.20	-3696051.53
-3797085.29	-3776632.12
-3472192.30	-3850615.49
-3145860.82	-3917970.99
-2818226.05	-3978670.73
-2489423.74	-4032689.56
-2159590.09	-4080005.09
-1828861.75	-4120597.72
-1497375.73	-4154450.64
-1165269.38	-4181549.82
-832680.27	-4201884.03
-499746.19	-4215444.86
-166605.07	-4222226.67
166605.07	-4222226.67
499746.19	-4215444.86
832680.27	-4201884.03
1165269.38	-4181549.82
1497375.73	-4154450.64
1828861.75	-4120597.72
2159590.09	-4080005.09
2489423.74	-4032689.56
2818226.05	-3978670.73
3145860.82	-3917970.99
3472192.30	-3850615.49
3797085.29	-3776632.12
4120405.20	-3696051.53
4442018.09	-3608907.12
4761790.71	-3515234.97
5079590.58	-3415073.91
5395286.04	-3308465.43
5708746.32	-3195453.68
6019841.53	-3076085.50
6328442.81	-2950410.33
6634422.30	-2818480.23
6937653.24	-2680349.88
7238010.00	-2536076.48
7535368.15	-2385719.82
7829604.50	-2229342.18
8120597.16	-2067008.35
8408225.56	-1898785.58
8692370.54	-1724743.56
8972914.39	-1544954.40
9249740.89	-1359492.57
9522735.35	-1168434.93
9791784.66	-971860.61
10056777.37	-769851.05
10317603.70	-562489.95
10574155.58	-349863.21
10826326.73	-132058.93
11074012.68	90832.68
11317110.82	318719.26
11555520.43	551506.40
11789142.74	789097.67
12017880.98	1031394.63
12241640.36	1278296.90
12460328.21	1529702.20

-13731651.27	2673207.14
-13535973.81	2395689.76
-13334688.57	2122212.49
-13127878.96	1852888.63
-12915630.64	1587829.74
-12698031.56	1327145.64
-12475171.85	1070944.33
-12247143.84	819331.95
-12014042.01	572412.73
-11775962.93	330288.98
-11533005.22	93061.00
-11285269.54	-139172.93
-11032858.54	-366316.59
-10775876.76	-588275.89
-10514430.69	-804958.87
-10248628.63	-1016275.76
-9978580.70	-1222139.01
-9704398.79	-1422463.34
-9426196.47	-1617165.76
-9144089.00	-1806165.60
-8858193.27	-1989384.57
-8568627.70	-2166746.76
-8275512.27	-2338178.68
-7978968.40	-2503609.33
-7679118.96	-2662970.15
-7376088.16	-2816195.14
-7070001.55	-2963220.81
-6760985.93	-3103986.26
-6449169.33	-3238433.15
-6134680.92	-3366505.81
-5817651.00	-3488151.16
-5498210.91	-3603318.80
-5176492.98	-3711961.04
-4852630.50	-3814032.86
-4526757.64	-3909491.97
-4199009.40	-3998298.82
-3869521.57	-4080416.62
-3538430.66	-4155811.36
-3205873.82	-4224451.80
-2871988.83	-4286309.49
-2536914.01	-4341358.82
-2200788.18	-4389576.98
-1863750.60	-4430943.99
-1525940.89	-4465442.72
-1187499.00	-4493058.86
-848565.15	-4513780.99
-509279.75	-4527600.51
-169783.36	-4534511.70
169783.36	-4534511.70
509279.75	-4527600.51
848565.15	-4513780.99
1187499.00	-4493058.86
1525940.89	-4465442.72
1863750.60	-4430943.99
2200788.18	-4389576.98
2536914.01	-4341358.82
2871988.83	-4286309.49
3205873.82	-4224451.80
3538430.66	-4155811.36
3869521.57	-4080416.62
4199009.40	-3998298.82
4526757.64	-3909491.97
4852630.50	-3814032.86
5176492.98	-3711961.04
5498210.91	-3603318.80
5817651.00	-3488151.16
6134680.92	-3366505.81
6449169.33	-3238433.15
6760985.93	-3103986.26
7070001.55	-2963220.81
7376088.16	-2816195.14
7679118.96	-2662970.15
7978968.40	-2503609.33
8275512.27	-2338178.68
8568627.70	-2166746.76
8858193.27	-1989384.57
9144089.00	-1806165.60
9426196.47	-1617165.76
9704398.79	-1422463.34
9978580.70	-1222139.01
10248628.63	-1016275.76
10514430.69	-804958.87
10775876.76	-588275.89
11032858.54	-366316.59
11285269.54	-139172.93
11533005.22	93061.00
11775962.93	330288.98
12014042.01	572412.73
12247143.84	819331.95
12475171.85	1070944.33
12698031.56	1327145.64
